(gdb) 
------------------------------------ 

List1: 
$1 = {50, 40, 39, 38, 37, 36, 34, 33, 31, 30, 27, 27, 26, 25, 24, 23, 22, 21, 20, 19, 18, 17, 16, 15, 14, 13, 12, 11, 10}

len1: 29

Min1: 10
Med1: 24
Max1: 50
EvenCnt1: 15
FiveCnt1: 7
Ave1: 25

Var1: 2935
Std1: 10.06016384318486878

------------------------------------ 

List2: 
$2 = {95174, 94112, 93126, 93117, 92176, 92119, 92114, 91257, 91199, 91130, 91119, 91113, 61135, 52126, 51151, 51128, 51115, 44153, 41117, 31184, 31177, 31167, 31149, 31134, 31132, 31122, 23151, 22143, 21191, 21188, 21179, 21147, 21144, 21126, 21121, 21118, 21117, 21117, 21116, 21115, 21113, 21113, 21112, 21110, 19153, 17183, 16129, 15120, 15111, 14165, 14137, 13138, 13110, 12172, 12168, 12167, 12159, 12156, 12156, 12127, 12126, 12121, 12119, 12115, 12115, 12112, 11169, 11165, 11162, 11161, 11161, 11155, 11155, 11153, 11146, 11146, 11145, 11144, 11143, 11142, 11141, 11140, 11140, 11135, 11133, 11129, 11128, 11127, 11127, 11127, 11125, 11125, 11124, 11124, 11123, 11117, 11115, 11115, 11114, 11111}

len2: 100

Min2: 11111
Med2: 14151
Max2: 95174
EvenCnt2: 39
FiveCnt2: 21
Ave2: 27348

Var2: 68643648341
Std2: 26199.93288941786522628

------------------------------------ 

List3: 
$3 = {81276, 61547, 61111, 51999, 51651, 51223, 51183, 41828, 41447, 41425, 41414, 41321, 41320, 41318, 41317, 41312, 41311, 41272, 41212, 31827, 31717, 31717, 31611, 31524, 31515, 31472, 31455, 31451, 31427, 31418, 31353, 31339, 31332, 31326, 31317, 31314, 31243, 31240, 31234, 31219, 31217, 31216, 31183, 31162, 31115, 31113, 21966, 21938, 21919, 21918, 21912, 21912, 21911, 21910, 21896, 21826, 21717, 21665, 21659, 21618, 21617, 21615, 21611, 21610, 21524, 21515, 21515, 21515, 21455, 21449, 21446, 21444, 21436, 21435, 21430, 21417, 21416, 21416, 21414, 21411, 21410, 21400, 21381, 21343, 21342, 21341, 21332, 21324, 21323, 21317, 21317, 21315, 21313, 21312, 21265, 21244, 21231, 21229, 21221, 21212, 21175, 21174, 21156, 21153, 21146, 21133, 21127, 21124, 21117, 21115, 21111, 12551, 12141, 11987, 11953, 11917, 11868, 11828, 11818, 11818, 11791, 11777, 11721, 11715, 11667, 11665, 11647, 11628, 11616, 11616, 11552, 11550, 11515, 11515, 11514, 11512, 11494, 11483, 11464, 11461, 11452, 11450, 11448, 11440, 11439, 11432, 11426, 11415, 11414, 11414, 11385, 11373, 11367, 11353, 11351, 11345, 11335, 11335, 11334, 11333, 11319, 11318, 11317, 11313, 11313, 11313, 11313, 11283, 11264, 11257, 11255, 11253, 11251, 11243, 11234, 11232, 11221, 11218, 11212, 11212, 11211, 11195, 11191, 11168, 11153, 11153, 11146, 11140, 11137, 11132, 11126, 11124, 11121, 11118, 11112, 11111, 11110, 10000, 10000, 10000}

len3: 200

Min3: 10000
Med3: 21193
Max3: 81276
EvenCnt3: 89
FiveCnt3: 41
Ave3: 20800

Var3: 26763931695
Std3: 11568.04471269885834772

------------------------------------ 

